[gd_scene load_steps=7 format=2]

[ext_resource path="res://assets/Portal.obj" type="ArrayMesh" id=1]
[ext_resource path="res://Prefab/Level/Portal.gd" type="Script" id=2]

[sub_resource type="CylinderShape" id=1]
radius = 3.0
height = 0.5

[sub_resource type="BoxShape" id=2]
extents = Vector3( 0.3, 2, 0.3 )

[sub_resource type="BoxShape" id=3]
extents = Vector3( 0.25465, 1.03622, 0.3 )

[sub_resource type="CylinderShape" id=4]
radius = 2.69407
height = 4.95314

[node name="Portal" type="MeshInstance"]
mesh = ExtResource( 1 )
material/0 = null
script = ExtResource( 2 )

[node name="StaticBody" type="StaticBody" parent="."]
editor/display_folded = true

[node name="CollisionShape" type="CollisionShape" parent="StaticBody"]
shape = SubResource( 1 )

[node name="CollisionShape2" type="CollisionShape" parent="StaticBody"]
transform = Transform( 1, 0, 0, 0, 1, 0, 0, 0, 1, 2.80056, 1.7584, 0 )
shape = SubResource( 2 )

[node name="CollisionShape4" type="CollisionShape" parent="StaticBody"]
transform = Transform( -1, 0, -8.74228e-08, 0, 1, 0, 8.74228e-08, 0, -1, -2.801, 1.758, 0 )
shape = SubResource( 2 )

[node name="CollisionShape5" type="CollisionShape" parent="StaticBody"]
transform = Transform( -4.37114e-08, 0, 1, 0, 1, 0, -1, 0, -4.37114e-08, 0, 1.758, -2.801 )
shape = SubResource( 2 )

[node name="CollisionShape6" type="CollisionShape" parent="StaticBody"]
transform = Transform( -4.37114e-08, 0, -1, 0, 1, 0, 1, 0, -4.37114e-08, 0, 1.758, 2.801 )
shape = SubResource( 2 )

[node name="CollisionShape3" type="CollisionShape" parent="StaticBody"]
transform = Transform( 0.803614, -0.595151, 0, 0.595151, 0.803614, 0, 0, 0, 1, 2.33744, 4.36146, 0 )
shape = SubResource( 3 )

[node name="CollisionShape7" type="CollisionShape" parent="StaticBody"]
transform = Transform( -0.803618, 0.595145, -8.74228e-08, 0.595145, 0.803618, 0, 7.02545e-08, -5.20293e-08, -1, -2.337, 4.361, 0 )
shape = SubResource( 3 )

[node name="CollisionShape8" type="CollisionShape" parent="StaticBody"]
transform = Transform( -3.51273e-08, 2.60146e-08, -1, 0.595145, 0.803618, 0, 0.803618, -0.595145, -4.37114e-08, 0, 4.361, 2.337 )
shape = SubResource( 3 )

[node name="CollisionShape9" type="CollisionShape" parent="StaticBody"]
transform = Transform( -3.51273e-08, 2.60146e-08, 1, 0.595145, 0.803618, 0, -0.803618, 0.595145, -4.37114e-08, 0, 4.361, -2.337 )
shape = SubResource( 3 )

[node name="SpotLight" type="SpotLight" parent="."]
transform = Transform( 1, 0, 0, 0, -4.37114e-08, 1, 0, -1, -4.37114e-08, 0, 5.12888, 0 )
light_color = Color( 0.113725, 0.243137, 0.827451, 1 )
light_energy = 16.0
light_specular = 1.0
spot_range = 5.75797
spot_attenuation = 0.25
spot_angle = 32.0845
spot_angle_attenuation = 0.258816

[node name="Area" type="Area" parent="."]

[node name="CollisionShape" type="CollisionShape" parent="Area"]
transform = Transform( 1, 0, 0, 0, 1, 0, 0, 0, 1, 0, 2.73283, 0 )
shape = SubResource( 4 )
[connection signal="body_entered" from="Area" to="." method="_on_Area_body_entered"]
